20090101	0	5.5	0			
20090101	100	5.5	0			
20090101	200	5.5	0			
20090101	300	5.5	0			
20090101	400	5.5	0			
20090101	500	5.5	0			
20090101	600	5.5	0			
20090101	700	5.5	0			
20090101	800	5.5	0			
20090101	900	5.5	0			
20090101	1000	5.5	0			
20090101	1100	5.5	0			
20090101	1200	5.5	0			
20090101	1300	5.5	0			
20090101	1400	5.5	0			
20090101	1500	5.5	0			
20090101	1600	5.5	0			
20090101	1700	5.5	0			
20090101	1800	5.5	0			
20090101	1900	5.5	0			
20090101	2000	5.5	0			
20090101	2100	5.5	0			
20090101	2200	5.5	0			
20090101	2300	5.5	0			
20090102	0	5.5	0			
20090102	100	5.5	0			
20090102	200	5.5	0			
20090102	300	5.5	0			
20090102	400	5.5	0			
20090102	500	5.5	0			
20090102	600	5.5	0			
20090102	700	5.5	0			
20090102	800	5.5	0			
20090102	900	5.5	0			
20090102	1000	5.5	0			
20090102	1100	5.5	0			
20090102	1200	5.5	0			
20090102	1300	5.5	0			
20090102	1400	5.5	0			
20090102	1500	5.5	0			
20090102	1600	5.5	0			
20090102	1700	5.5	0			
20090102	1800	5.5	0			
20090102	1900	5.5	0			
20090102	2000	5.5	0			
20090102	2100	5.5	0			
20090102	2200	5.5	0			
20090102	2300	5.5	0			
20090103	0	5.5	0.01			
20090103	100	5.51	0			
20090103	200	5.51	0			
20090103	300	5.51	0			
20090103	400	5.51	0			
20090103	500	5.51	0			
20090103	600	5.51	0			
20090103	700	5.51	0			
20090103	800	5.51	0			
20090103	900	5.51	0			
20090103	1000	5.51	0			
20090103	1100	5.51	0			
20090103	1200	5.51	0			
20090103	1300	5.51	0			
20090103	1400	5.51	0			
20090103	1500	5.51	0			
20090103	1600	5.51	0			
20090103	1700	5.51	0			
20090103	1800	5.51	0			
20090103	1900	5.51	0			
20090103	2000	5.51	0			
20090103	2100	5.51	0			
20090103	2200	5.51	0			
20090103	2300	5.51	0			
20090104	0	5.51	0			
20090104	100	5.51	0			
20090104	200	5.51	0			
20090104	300	5.51	0			
20090104	400	5.51	0			
20090104	500	5.51	0			
20090104	600	5.51	0			
20090104	700	5.51	0			
20090104	800	5.51	0			
20090104	900	5.51	0			
20090104	1000	5.51	0			
20090104	1100	5.51	0			
20090104	1200	5.51	0			
20090104	1300	5.51	0			
20090104	1400	5.51	0			
20090104	1500	5.51	0			
20090104	1600	5.51	0			
20090104	1700	5.51	0			
20090104	1800	5.51	0			
20090104	1900	5.51	0			
20090104	2000	5.51	0			
20090104	2100	5.51	0			
20090104	2200	5.51	0			
20090104	2300	5.51	0			
20090105	0	5.51	0			
20090105	100	5.51	0			
20090105	200	5.51	0			
20090105	300	5.51	0			
20090105	400	5.51	0			
20090105	500	5.51	0			
20090105	600	5.51	0			
20090105	700	5.51	0			
20090105	800	5.51	0			
20090105	900	5.51	0			
20090105	1000	5.51	0			
20090105	1100	5.51	0			
20090105	1200	5.51	0			
20090105	1300	5.51	0			
20090105	1400	5.51	0			
20090105	1500	5.51	0			
20090105	1600	5.51	0			
20090105	1700	5.51	0			
20090105	1800	5.51	0			
20090105	1900	5.51	0			
20090105	2000	5.51	0			
20090105	2100	5.51	0			
20090105	2200	5.51	0			
20090105	2300	5.51	0			
20090106	0	5.51	0			
20090106	100	5.51	0			
20090106	200	5.51	0			
20090106	300	5.51	0			
20090106	400	5.51	0			
20090106	500	5.51	0			
20090106	600	5.51	0			
20090106	700	5.51	0			
20090106	800	5.51	0			
20090106	900	5.51	0			
20090106	1000	5.51	0			
20090106	1100	5.51	0			
20090106	1200	5.51	0			
20090106	1300	5.51	0			
20090106	1400	5.51	0			
20090106	1500	5.51	0			
20090106	1600	5.51	0			
20090106	1700	5.51	0			
20090106	1800	5.51	0			
20090106	1900	5.51	0			
20090106	2000	5.51	0			
20090106	2100	5.51	0			
20090106	2200	5.51	0			
20090106	2300	5.51	0			
20090107	0	5.51	0			
20090107	100	5.51	0			
20090107	200	5.51	0			
20090107	300	5.51	0			
20090107	400	5.51	0			
20090107	500	5.51	0			
20090107	600	5.51	0			
20090107	700	5.51	0			
20090107	800	5.51	0			
20090107	900	5.51	0			
20090107	1000	5.51	0			
20090107	1100	5.51	0			
20090107	1200	5.51	0			
20090107	1300	5.51	0			
20090107	1400	5.51	0			
20090107	1500	5.51	0			
20090107	1600	5.51	0			
20090107	1700	5.51	0			
20090107	1800	5.51	0			
20090107	1900	5.51	0			
20090107	2000	5.51	0			
20090107	2100	5.51	0			
20090107	2200	5.51	0			
20090107	2300	5.51	0			
20090108	0	5.51	0			
20090108	100	5.51	0			
20090108	200	5.51	0			
20090108	300	5.51	0			
20090108	400	5.51	0			
20090108	500	5.51	0			
20090108	600	5.51	0			
20090108	700	5.51	0			
20090108	800	5.51	0			
20090108	900	5.51	0			
20090108	1000	5.51	0			
20090108	1100	5.51	0			
20090108	1200	5.51	0			
20090108	1300	5.51	0			
20090108	1400	5.51	0			
20090108	1500	5.51	0			
20090108	1600	5.51	0			
20090108	1700	5.51	0			
20090108	1800	5.51	0			
20090108	1900	5.51	0			
20090108	2000	5.51	0			
20090108	2100	5.51	0			
20090108	2200	5.51	0			
20090108	2300	5.51	0			
20090109	0	5.51	0			
20090109	100	5.51	0			
20090109	200	5.51	0			
20090109	300	5.51	0			
20090109	400	5.51	0			
20090109	500	5.51	0			
20090109	600	5.51	0			
20090109	700	5.51	0			
20090109	800	5.51	0			
20090109	900	5.51	0			
20090109	1000	5.51	0			
20090109	1100	5.51	0			
20090109	1200	5.51	0			
20090109	1300	5.51	0			
20090109	1400	5.51	0			
20090109	1500	5.51	0			
20090109	1600	5.51	0			
20090109	1700	5.51	0			
20090109	1800	5.51	0			
20090109	1900	5.51	0			
20090109	2000	5.51	0			
20090109	2100	5.51	0			
20090109	2200	5.51	0			
20090109	2300	5.51	0			
20090110	0	5.51	0			
20090110	100	5.51	0			
20090110	200	5.51	0			
20090110	300	5.51	0			
20090110	400	5.51	0			
20090110	500	5.51	0			
20090110	600	5.51	0			
20090110	700	5.51	0			
20090110	800	5.51	0			
20090110	900	5.51	0			
20090110	1000	5.51	0			
20090110	1100	5.51	0			
20090110	1200	5.51	0			
20090110	1300	5.51	0			
20090110	1400	5.51	0			
20090110	1500	5.51	0			
20090110	1600	5.51	0			
20090110	1700	5.51	0			
20090110	1800	5.51	0			
20090110	1900	5.51	0			
20090110	2000	5.51	0			
20090110	2100	5.51	0			
20090110	2200	5.51	0			
20090110	2300	5.51	0			
20090111	0	5.51	0			
20090111	100	5.51	0			
20090111	200	5.51	0			
20090111	300	5.51	0			
20090111	400	5.51	0			
20090111	500	5.51	0			
20090111	600	5.51	0			
20090111	700	5.51	0			
20090111	800	5.51	0			
20090111	900	5.51	0			
20090111	1000	5.51	0			
20090111	1100	5.51	0			
20090111	1200	5.51	0			
20090111	1300	5.51	0			
20090111	1400	5.51	0			
20090111	1500	5.51	0			
20090111	1600	5.51	0			
20090111	1700	5.51	0			
20090111	1800	5.51	0			
20090111	1900	5.51	0			
20090111	2000	5.51	0			
20090111	2100	5.51	0			
20090111	2200	5.51	0			
20090111	2300	5.51	0			
20090112	0	5.51	0			
20090112	100	5.51	0			
20090112	200	5.51	0			
20090112	300	5.51	0			
20090112	400	5.51	0			
20090112	500	5.51	0			
20090112	600	5.51	0			
20090112	700	5.51	0			
20090112	800	5.51	0			
20090112	900	5.51	0			
20090112	1000	5.51	0			
20090112	1100	5.51	0			
20090112	1200	5.51	0			
20090112	1300	5.51	0			
20090112	1400	5.51	0			
20090112	1500	5.51	0			
20090112	1600	5.51	0			
20090112	1700	5.51	0			
20090112	1800	5.51	0			
20090112	1900	5.51	0			
20090112	2000	5.51	0			
20090112	2100	5.51	0			
20090112	2200	5.51	0			
20090112	2300	5.51	0			
20090113	0	5.51	0			
20090113	100	5.51	0			
20090113	200	5.51	0			
20090113	300	5.51	0			
20090113	400	5.51	0			
20090113	500	5.51	0			
20090113	600	5.51	0			
20090113	700	5.51	0			
20090113	800	5.51	0			
20090113	900	5.51	0			
20090113	1000	5.51	0			
20090113	1100	5.51	0			
20090113	1200	5.51	0			
20090113	1300	5.51	0			
20090113	1400	5.51	0			
20090113	1500	5.51	0			
20090113	1600	5.51	0			
20090113	1700	5.51	0			
20090113	1800	5.51	0			
20090113	1900	5.51	0			
20090113	2000	5.51	0			
20090113	2100	5.51	0			
20090113	2200	5.51	0			
20090113	2300	5.51	0			
20090114	0	5.51	0			
20090114	100	5.51	0			
20090114	200	5.51	0			
20090114	300	5.51	0			
20090114	400	5.51	0			
20090114	500	5.51	0			
20090114	600	5.51	0			
20090114	700	5.51	0			
20090114	800	5.51	0			
20090114	900	5.51	0			
20090114	1000	5.51	0			
20090114	1100	5.51	0			
20090114	1200	5.51	0			
20090114	1300	5.51	0			
20090114	1400	5.51	0			
20090114	1500	5.51	0			
20090114	1600	5.51	0			
20090114	1700	5.51	0			
20090114	1800	5.51	0			
20090114	1900	5.51	0			
20090114	2000	5.51	0			
20090114	2100	5.51	0			
20090114	2200	5.51	0			
20090114	2300	5.51	0			
20090115	0	5.51	0			
20090115	100	5.51	0			
20090115	200	5.51	0			
20090115	300	5.51	0			
20090115	400	5.51	0			
20090115	500	5.51	0			
20090115	600	5.51	0			
20090115	700	5.51	0			
20090115	800	5.51	0			
20090115	900	5.51	0			
20090115	1000	5.51	0			
20090115	1100	5.51	0			
20090115	1200	5.51	0			
20090115	1300	5.51	0			
20090115	1400	5.51	0			
20090115	1500	5.51	0			
20090115	1600	5.51	0			
20090115	1700	5.51	0			
20090115	1800	5.51	0			
20090115	1900	5.51	0			
20090115	2000	5.51	0			
20090115	2100	5.51	0			
20090115	2200	5.51	0			
20090115	2300	5.51	0			
20090116	0	5.51	0			
20090116	100	5.51	0			
20090116	200	5.51	0			
20090116	300	5.51	0			
20090116	400	5.51	0			
20090116	500	5.51	0			
20090116	600	5.51	0			
20090116	700	5.51	0			
20090116	800	5.51	0			
20090116	900	5.51	0			
20090116	1000	5.51	0			
20090116	1100	5.51	0			
20090116	1200	5.51	0			
20090116	1300	5.51	0			
20090116	1400	5.51	0			
20090116	1500	5.51	0			
20090116	1600	5.51	0			
20090116	1700	5.51	0			
20090116	1800	5.51	0			
20090116	1900	5.51	0			
20090116	2000	5.51	0			
20090116	2100	5.51	0			
20090116	2200	5.51	0			
20090116	2300	5.51	0			
20090117	0	5.51	0			
20090117	100	5.51	0			
20090117	200	5.51	0			
20090117	300	5.51	0			
20090117	400	5.51	0			
20090117	500	5.51	0			
20090117	600	5.51	0			
20090117	700	5.51	0			
20090117	800	5.51	0			
20090117	900	5.51	0			
20090117	1000	5.51	0			
20090117	1100	5.51	0			
20090117	1200	5.51	0			
20090117	1300	5.51	0			
20090117	1400	5.51	0			
20090117	1500	5.51	0			
20090117	1600	5.51	0			
20090117	1700	5.51	0			
20090117	1800	5.51	0			
20090117	1900	5.51	0			
20090117	2000	5.51	0			
20090117	2100	5.51	0			
20090117	2200	5.51	0			
20090117	2300	5.51	0			
20090118	0	5.51	0			
20090118	100	5.51	0			
20090118	200	5.51	0			
20090118	300	5.51	0			
20090118	400	5.51	0			
20090118	500	5.51	0			
20090118	600	5.51	0			
20090118	700	5.51	0			
20090118	800	5.51	0			
20090118	900	5.51	0			
20090118	1000	5.51	0			
20090118	1100	5.51	0			
20090118	1200	5.51	0			
20090118	1300	5.51	0			
20090118	1400	5.51	0			
20090118	1500	5.51	0			
20090118	1600	5.51	0			
20090118	1700	5.51	0			
20090118	1800	5.51	0			
20090118	1900	5.51	0			
20090118	2000	5.51	0			
20090118	2100	5.51	0			
20090118	2200	5.51	0			
20090118	2300	5.51	0			
20090119	0	5.51	0			
20090119	100	5.51	0			
20090119	200	5.51	0			
20090119	300	5.51	0			
20090119	400	5.51	0			
20090119	500	5.51	0			
20090119	600	5.51	0			
20090119	700	5.51	0			
20090119	800	5.51	0			
20090119	900	5.51	0			
20090119	1000	5.51	0			
20090119	1100	5.51	0			
20090119	1200	5.51	0			
20090119	1300	5.51	0			
20090119	1400	5.51	0			
20090119	1500	5.51	0			
20090119	1600	5.51	0			
20090119	1700	5.51	0			
20090119	1800	5.51	0			
20090119	1900	5.51	0			
20090119	2000	5.51	0			
20090119	2100	5.51	0			
20090119	2200	5.51	0			
20090119	2300	5.51	0			
20090120	0	5.51	0			
20090120	100	5.51	0			
20090120	200	5.51	0			
20090120	300	5.51	0			
20090120	400	5.51	0			
20090120	500	5.51	0			
20090120	600	5.51	0			
20090120	700	5.51	0			
20090120	800	5.51	0			
20090120	900	5.51	0			
20090120	1000	5.51	0			
20090120	1100	5.51	0			
20090120	1200	5.51	0			
20090120	1300	5.51	0			
20090120	1400	5.51	0			
20090120	1500	5.51	0			
20090120	1600	5.51	0			
20090120	1700	5.51	0			
20090120	1800	5.51	0			
20090120	1900	5.51	0			
20090120	2000	5.51	0			
20090120	2100	5.51	0			
20090120	2200	5.51	0			
20090120	2300	5.51	0			
20090121	0	5.51	0			
20090121	100	5.51	0			
20090121	200	5.51	0			
20090121	300	5.51	0			
20090121	400	5.51	0			
20090121	500	5.51	0			
20090121	600	5.51	0			
20090121	700	5.51	0			
20090121	800	5.51	0			
20090121	900	5.51	0			
20090121	1000	5.51	0			
20090121	1100	5.51	0			
20090121	1200	5.51	0			
20090121	1300	5.51	0			
20090121	1400	5.51	0			
20090121	1500	5.51	0			
20090121	1600	5.51	0			
20090121	1700	5.51	0			
20090121	1800	5.51	0			
20090121	1900	5.51	0			
20090121	2000	5.51	0			
20090121	2100	5.51	0			
20090121	2200	5.51	0			
20090121	2300	5.51	0			
20090122	0	5.51	0			
20090122	100	5.51	0			
20090122	200	5.51	0			
20090122	300	5.51	0			
20090122	400	5.51	0			
20090122	500	5.51	0			
20090122	600	5.51	0			
20090122	700	5.51	0			
20090122	800	5.51	0			
20090122	900	5.51	0			
20090122	1000	5.51	0			
20090122	1100	5.51	0			
20090122	1200	5.51	0			
20090122	1300	5.51	0			
20090122	1400	5.51	0			
20090122	1500	5.51	0			
20090122	1600	5.51	0			
20090122	1700	5.51	0			
20090122	1800	5.51	0			
20090122	1900	5.51	0			
20090122	2000	5.51	0			
20090122	2100	5.51	0			
20090122	2200	5.51	0			
20090122	2300	5.51	0			
20090123	0	5.51	0			
20090123	100	5.51	0			
20090123	200	5.51	0			
20090123	300	5.51	0			
20090123	400	5.51	0			
20090123	500	5.51	0			
20090123	600	5.51	0			
20090123	700	5.51	0			
20090123	800	5.51	0			
20090123	900	5.51	0			
20090123	1000	5.51	0			
20090123	1100	5.51	0			
20090123	1200	5.51	0			
20090123	1300	5.51	0			
20090123	1400	5.51	0			
20090123	1500	5.51	0			
20090123	1600	5.51	0			
20090123	1700	5.51	0			
20090123	1800	5.51	0			
20090123	1900	5.51	0			
20090123	2000	5.51	0			
20090123	2100	5.51	0			
20090123	2200	5.51	0			
20090123	2300	5.51	0			
20090124	0	5.51	0			
20090124	100	5.51	0			
20090124	200	5.51	0			
20090124	300	5.51	0			
20090124	400	5.51	0			
20090124	500	5.51	0			
20090124	600	5.51	0			
20090124	700	5.51	0			
20090124	800	5.51	0			
20090124	900	5.51	0			
20090124	1000	5.51	0			
20090124	1100	5.51	0			
20090124	1200	5.51	0			
20090124	1300	5.51	0			
20090124	1400	5.51	0			
20090124	1500	5.51	0			
20090124	1600	5.51	0			
20090124	1700	5.51	0			
20090124	1800	5.51	0			
20090124	1900	5.51	0			
20090124	2000	5.51	0			
20090124	2100	5.51	0			
20090124	2200	5.51	0			
20090124	2300	5.51	0			
20090125	0	5.51	0			
20090125	100	5.51	0			
20090125	200	5.51	0			
20090125	300	5.51	0			
20090125	400	5.51	0			
20090125	500	5.51	0			
20090125	600	5.51	0			
20090125	700	5.51	0			
20090125	800	5.51	0			
20090125	900	5.51	0			
20090125	1000	5.51	0			
20090125	1100	5.51	0			
20090125	1200	5.51	0			
20090125	1300	5.51	0			
20090125	1400	5.51	0			
20090125	1500	5.51	0			
20090125	1600	5.51	0			
20090125	1700	5.51	0			
20090125	1800	5.51	0			
20090125	1900	5.51	0			
20090125	2000	5.51	0			
20090125	2100	5.51	0			
20090125	2200	5.51	0			
20090125	2300	5.51	0			
20090126	0	5.51	0			
20090126	100	5.51	0			
20090126	200	5.51	0			
20090126	300	5.51	0			
20090126	400	5.51	0			
20090126	500	5.51	0			
20090126	600	5.51	0			
20090126	700	5.51	0			
20090126	800	5.51	0			
20090126	900	5.51	0			
20090126	1000	5.51	0			
20090126	1100	5.51	0			
20090126	1200	5.51	0			
20090126	1300	5.51	0			
20090126	1400	5.51	0			
20090126	1500	5.51	0			
20090126	1600	5.51	0			
20090126	1700	5.51	0			
20090126	1800	5.51	0			
20090126	1900	5.51	0			
20090126	2000	5.51	0			
20090126	2100	5.51	0			
20090126	2200	5.51	0			
20090126	2300	5.51	0			
20090127	0	5.51	0			
20090127	100	5.51	0			
20090127	200	5.51	0			
20090127	300	5.51	0			
20090127	400	5.51	0			
20090127	500	5.51	0			
20090127	600	5.51	0			
20090127	700	5.51	0			
20090127	800	5.51	0			
20090127	900	5.51	0			
20090127	1000	5.51	0			
20090127	1100	5.51	0			
20090127	1200	5.51	0			
20090127	1300	5.51	0			
20090127	1400	5.51	0			
20090127	1500	5.51	0			
20090127	1600	5.51	0			
20090127	1700	5.51	0			
20090127	1800	5.51	0			
20090127	1900	5.51	0			
20090127	2000	5.51	0			
20090127	2100	5.51	0			
20090127	2200	5.51	0			
20090127	2300	5.51	0			
20090128	0	5.51	0			
20090128	100	5.51	0			
20090128	200	5.51	0			
20090128	300	5.51	0			
20090128	400	5.51	0			
20090128	500	5.51	0			
20090128	600	5.51	0			
20090128	700	5.51	0			
20090128	800	5.51	0			
20090128	900	5.51	0			
20090128	1000	5.51	0			
20090128	1100	5.51	0			
20090128	1200	5.51	0			
20090128	1300	5.51	0			
20090128	1400	5.51	0			
20090128	1500	5.51	0			
20090128	1600	5.51	0			
20090128	1700	5.51	0			
20090128	1800	5.51	0			
20090128	1900	5.51	0			
20090128	2000	5.51	0			
20090128	2100	5.51	0			
20090128	2200	5.51	0			
20090128	2300	5.51	0			
20090129	0	5.51	0			
20090129	100	5.51	0			
20090129	200	5.51	0			
20090129	300	5.51	0			
20090129	400	5.51	0			
20090129	500	5.51	0			
20090129	600	5.51	0			
20090129	700	5.51	0			
20090129	800	5.51	0			
20090129	900	5.51	0			
20090129	1000	5.51	0			
20090129	1100	5.51	0			
20090129	1200	5.51	0			
20090129	1300	5.51	0			
20090129	1400	5.51	0			
20090129	1500	5.51	0			
20090129	1600	5.51	0			
20090129	1700	5.51	0			
20090129	1800	5.51	0			
20090129	1900	5.51	0			
20090129	2000	5.51	0			
20090129	2100	5.51	0			
20090129	2200	5.51	0			
20090129	2300	5.51	0			
20090130	0	5.51	0			
20090130	100	5.51	0			
20090130	200	5.51	0			
20090130	300	5.51	0			
20090130	400	5.51	0			
20090130	500	5.51	0			
20090130	600	5.51	0			
20090130	700	5.51	0			
20090130	800	5.51	0			
20090130	900	5.51	0			
20090130	1000	5.51	0			
20090130	1100	5.51	0			
20090130	1200	5.51	0			
20090130	1300	5.51	0			
20090130	1400	5.51	0			
20090130	1500	5.51	0			
20090130	1600	5.51	0			
20090130	1700	5.51	0			
20090130	1800	5.51	0			
20090130	1900	5.51	0			
20090130	2000	5.51	0			
20090130	2100	5.51	0			
20090130	2200	5.51	0			
20090130	2300	5.51	0			
20090131	0	5.51	0			
20090131	100	5.51	0			
20090131	200	5.51	0			
20090131	300	5.51	0			
20090131	400	5.51	0			
20090131	500	5.51	0			
20090131	600	5.51	0			
20090131	700	5.51	0			
20090131	800	5.51	0			
20090131	900	5.51	0			
20090131	1000	5.51	0			
20090131	1100	5.51	0			
20090131	1200	5.51	0			
20090131	1300	5.51	0			
20090131	1400	5.51	0			
20090131	1500	5.51	0			
20090131	1600	5.51	0			
20090131	1700	5.51	0			
20090131	1800	5.51	0			
20090131	1900	5.51	0			
20090131	2000	5.51	0			
20090131	2100	5.51	0			
20090131	2200	5.51	0			
20090131	2300	5.51	0			
20090201	0	5.51	0			
20090201	100	5.51	0			
20090201	200	5.51	0			
20090201	300	5.51	0			
20090201	400	5.51	0			
20090201	500	5.51	0			
20090201	600	5.51	0			
20090201	700	5.51	0			
20090201	800	5.51	0			
20090201	900	5.51	0			
20090201	1000	5.51	0			
20090201	1100	5.51	0			
20090201	1200	5.51	0			
20090201	1300	5.51	0			
20090201	1400	5.51	0			
20090201	1500	5.51	0			
20090201	1600	5.51	0			
20090201	1700	5.51	0			
20090201	1800	5.51	0			
20090201	1900	5.51	0			
20090201	2000	5.51	0			
20090201	2100	5.51	0			
20090201	2200	5.51	0			
20090201	2300	5.51	0			
20090202	0	5.51	0			
20090202	100	5.51	0			
20090202	200	5.51	0			
20090202	300	5.51	0			
20090202	400	5.51	0			
20090202	500	5.51	0			
20090202	600	5.51	0			
20090202	700	5.51	0			
20090202	800	5.51	0			
20090202	900	5.51	0			
20090202	1000	5.51	0			
20090202	1100	5.51	0			
20090202	1200	5.51	0			
20090202	1300	5.51	0			
20090202	1400	5.51	0			
20090202	1500	5.51	0			
20090202	1600	5.51	0			
20090202	1700	5.51	0			
20090202	1800	5.51	0			
20090202	1900	5.51	0			
20090202	2000	5.51	0			
20090202	2100	5.51	0			
20090202	2200	5.51	0			
20090202	2300	5.51	0			
20090203	0	5.51	0			
20090203	100	5.51	0			
20090203	200	5.51	0			
20090203	300	5.51	0			
20090203	400	5.51	0			
20090203	500	5.51	0			
20090203	600	5.51	0			
20090203	700	5.51	0			
20090203	800	5.51	0			
20090203	900	5.51	0			
20090203	1000	5.51	0			
20090203	1100	5.51	0			
20090203	1200	5.51	0			
20090203	1300	5.51	0			
20090203	1400	5.51	0			
20090203	1500	5.51	0			
20090203	1600	5.51	0			
20090203	1700	5.51	0			
20090203	1800	5.51	0			
20090203	1900	5.51	0			
20090203	2000	5.51	0			
20090203	2100	5.51	0			
20090203	2200	5.51	0			
20090203	2300	5.51	0			
20090204	0	5.51	0			
20090204	100	5.51	0			
20090204	200	5.51	0			
20090204	300	5.51	0			
20090204	400	5.51	0			
20090204	500	5.51	0			
20090204	600	5.51	0			
20090204	700	5.51	0			
20090204	800	5.51	0			
20090204	900	5.51	0			
20090204	1000	5.51	0			
20090204	1100	5.51	0			
20090204	1200	5.51	0			
20090204	1300	5.51	0			
20090204	1400	5.51	0			
20090204	1500	5.51	0			
20090204	1600	5.51	0			
20090204	1700	5.51	0			
20090204	1800	5.51	0			
20090204	1900	5.51	0			
20090204	2000	5.51	0			
20090204	2100	5.51	0			
20090204	2200	5.51	0			
20090204	2300	5.51	0			
20090205	0	5.51	0			
20090205	100	5.51	0			
20090205	200	5.51	0			
20090205	300	5.51	0			
20090205	400	5.51	0			
20090205	500	5.51	0			
20090205	600	5.51	0			
20090205	700	5.51	0			
20090205	800	5.51	0			
20090205	900	5.51	0			
20090205	1000	5.51	0			
20090205	1100	5.51	0			
20090205	1200	5.51	0.03			
20090205	1300	5.54	0.12			
20090205	1400	5.66	0.07			
20090205	1500	5.73	0.16			
20090205	1600	5.89	0.57			
20090205	1700	6.46	0.01			
20090205	1800	6.47	0.59			
20090205	1900	7.06	0.01			
20090205	2000	7.07	0.01			
20090205	2100	7.08	0			
20090205	2200	7.08	0.07			
20090205	2300	7.15	0.16			
20090206	0	7.31	0			
20090206	100	7.31	0			
20090206	200	7.31	0			
20090206	300	7.31	0			
20090206	400	7.31	0			
20090206	500	7.31	0.06			
20090206	600	7.37	0			
20090206	700	7.37	0.05			
20090206	800	7.42	0.07			
20090206	900	7.49	0.07			
20090206	1000	7.56	0.02			
20090206	1100	7.58	0.02			
20090206	1200	7.6	0			
20090206	1300	7.6	0			
20090206	1400	7.6	0			
20090206	1500	7.6	0.03			
20090206	1600	7.63	0.05			
20090206	1700	7.68	0.03			
20090206	1800	7.71	0.07			
20090206	1900	7.78	0.01			
20090206	2000	7.79	0.07			
20090206	2100	7.86	0.2			
20090206	2200	8.06	0.01			
20090206	2300	8.07	0			
20090207	0	8.07	0			
20090207	100	8.07	0			
20090207	200	8.07	0			
20090207	300	8.07	0			
20090207	400	8.07	0			
20090207	500	8.07	0			
20090207	600	8.07	0			
20090207	700	8.07	0.01			
20090207	800	8.08	0.1			
20090207	900	8.18	0.09			
20090207	1000	8.27	0.1			
20090207	1100	8.37	0			
20090207	1200	8.37	0			
20090207	1300	8.37	0			
20090207	1400	8.37	0			
20090207	1500	8.37	0			
20090207	1600	8.37	0			
20090207	1700	8.37	0			
20090207	1800	8.37	0			
20090207	1900	8.37	0.14			
20090207	2000	8.51	0			
20090207	2100	8.51	0			
20090207	2200	8.51	0			
20090207	2300	8.51	0			
20090208	0	8.51	0			
20090208	100	8.51	0			
20090208	200	8.51	0			
20090208	300	8.51	0			
20090208	400	8.51	0			
20090208	500	8.51	0			
20090208	600	8.51	0			
20090208	700	8.51	0			
20090208	800	8.51	0.01			
20090208	900	8.52	0			
20090208	1000	8.52	0			
20090208	1100	8.52	0			
20090208	1200	8.52	0			
20090208	1300	8.52	0			
20090208	1400	8.52	0			
20090208	1500	8.52	0			
20090208	1600	8.52	0			
20090208	1700	8.52	0			
20090208	1800	8.52	0			
20090208	1900	8.52	0			
20090208	2000	8.52	0			
20090208	2100	8.52	0			
20090208	2200	8.52	0.01			
20090208	2300	8.53	0			
20090209	0	8.53	0.01			
20090209	100	8.54	0			
20090209	200	8.54	0			
20090209	300	8.54	0			
20090209	400	8.54	0			
20090209	500	8.54	0			
20090209	600	8.54	0			
20090209	700	8.54	0			
20090209	800	8.54	0			
20090209	900	8.54	0			
20090209	1000	8.54	0.01			
20090209	1100	8.55	0.01			
20090209	1200	8.56	0			
20090209	1300	8.56	0			
20090209	1400	8.56	0.01			
20090209	1500	8.57	0			
20090209	1600	8.57	0			
20090209	1700	8.57	0			
20090209	1800	8.57	0			
20090209	1900	8.57	0			
20090209	2000	8.57	0			
20090209	2100	8.57	0			
20090209	2200	8.57	0			
20090209	2300	8.57	0			
20090210	0	8.57	0			
20090210	100	8.57	0			
20090210	200	8.57	0			
20090210	300	8.57	0			
20090210	400	8.57	0			
20090210	500	8.57	0			
20090210	600	8.57	0			
20090210	700	8.57	0			
20090210	800	8.57	0			
20090210	900	8.57	0			
20090210	1000	8.57	0			
20090210	1100	8.57	0			
20090210	1200	8.57	0			
20090210	1300	8.57	0			
20090210	1400	8.57	0			
20090210	1500	8.57	0			
20090210	1600	8.57	0			
20090210	1700	8.57	0			
20090210	1800	8.57	0			
20090210	1900	8.57	0			
20090210	2000	8.57	0			
20090210	2100	8.57	0			
20090210	2200	8.57	0			
20090210	2300	8.57	0			
20090211	0	8.57	0			
20090211	100	8.57	0			
20090211	200	8.57	0			
20090211	300	8.57	0			
20090211	400	8.57	0			
20090211	500	8.57	0			
20090211	600	8.57	0			
20090211	700	8.57	0			
20090211	800	8.57	0			
20090211	900	8.57	0			
20090211	1000	8.57	0			
20090211	1100	8.57	0			
20090211	1200	8.57	0			
20090211	1300	8.57	0			
20090211	1400	8.57	0			
20090211	1500	8.57	0			
20090211	1600	8.57	0			
20090211	1700	8.57	0			
20090211	1800	8.57	0			
20090211	1900	8.57	0.01			
20090211	2000	8.58	0			
20090211	2100	8.58	0			
20090211	2200	8.58	0			
20090211	2300	8.58	0			
20090212	0	8.58	0			
20090212	100	8.58	0			
20090212	200	8.58	0.01			
20090212	300	8.59	0			
20090212	400	8.59	0			
20090212	500	8.59	0			
20090212	600	8.59	0			
20090212	700	8.59	0			
20090212	800	8.59	0			
20090212	900	8.59	0			
20090212	1000	8.59	0			
20090212	1100	8.59	0			
20090212	1200	8.59	0			
20090212	1300	8.59	0			
20090212	1400	8.59	0			
20090212	1500	8.59	0			
20090212	1600	8.59	0			
20090212	1700	8.59	0			
20090212	1800	8.59	0			
20090212	1900	8.59	0			
20090212	2000	8.59	0			
20090212	2100	8.59	0			
20090212	2200	8.59	0			
20090212	2300	8.59	0			
20090213	0	8.59	0			
20090213	100	8.59	0			
20090213	200	8.59	0			
20090213	300	8.59	0			
20090213	400	8.59	0			
20090213	500	8.59	0			
20090213	600	8.59	0.01			
20090213	700	8.6	0			
20090213	800	8.6	0			
20090213	900	8.6	0			
20090213	1000	8.6	0			
20090213	1100	8.6	0.01			
20090213	1200	8.61	0.09			
20090213	1300	8.7	0.2			
20090213	1400	8.9	0.02			
20090213	1500	8.92	0			
20090213	1600	8.92	0			
20090213	1700	8.92	0			
20090213	1800	8.92	0			
20090213	1900	8.92	0			
20090213	2000	8.92	0			
20090213	2100	8.92	0			
20090213	2200	8.92	0			
20090213	2300	8.92	0			
20090214	0	8.92	0			
20090214	100	8.92	0			
20090214	200	8.92	0			
20090214	300	8.92	0			
20090214	400	8.92	0			
20090214	500	8.92	0			
20090214	600	8.92	0			
20090214	700	8.92	0.01			
20090214	800	8.93	0			
20090214	900	8.93	0			
20090214	1000	8.93	0			
20090214	1100	8.93	0			
20090214	1200	8.93	0			
20090214	1300	8.93	0			
20090214	1400	8.93	0			
20090214	1500	8.93	0			
20090214	1600	8.93	0			
20090214	1700	8.93	0			
20090214	1800	8.93	0			
20090214	1900	8.93	0			
20090214	2000	8.93	0			
20090214	2100	8.93	0			
20090214	2200	8.93	0			
20090214	2300	8.93	0			
20090215	0	8.93	0			
20090215	100	8.93	0			
20090215	200	8.93	0			
20090215	300	8.93	0			
20090215	400	8.93	0			
20090215	500	8.93	0			
20090215	600	8.93	0			
20090215	700	8.93	0			
20090215	800	8.93	0			
20090215	900	8.93	0			
20090215	1000	8.93	0			
20090215	1100	8.93	0			
20090215	1200	8.93	0			
20090215	1300	8.93	0			
20090215	1400	8.93	0			
20090215	1500	8.93	0			
20090215	1600	8.93	0			
20090215	1700	8.93	0			
20090215	1800	8.93	0			
20090215	1900	8.93	0			
20090215	2000	8.93	0			
20090215	2100	8.93	0			
20090215	2200	8.93	0			
20090215	2300	8.93	0			
20090216	0	8.93	0			
20090216	100	8.93	0			
20090216	200	8.93	0.06			
20090216	300	8.99	0.08			
20090216	400	9.07	0.17			
20090216	500	9.24	0.23			
20090216	600	9.47	0.24			
20090216	700	9.71	0.32			
20090216	800	10.03	0.25			
20090216	900	10.28	0.05			
20090216	1000	10.33	0.03			
20090216	1100	10.36	0.01			
20090216	1200	10.37	0			
20090216	1300	10.37	0			
20090216	1400	10.37	0			
20090216	1500	10.37	0			
20090216	1600	10.37	0			
20090216	1700	10.37	0			
20090216	1800	10.37	0.01			
20090216	1900	10.38	0.02			
20090216	2000	10.4	0			
20090216	2100	10.4	0.01			
20090216	2200	10.41	0			
20090216	2300	10.41	0			
20090217	0	10.41	0			
20090217	100	10.41	0.013333333			
20090217	200	10.42333333	0.013333333			0.013333333
20090217	300	10.43666667	0.013333333			
20090217	400	10.45	0.013333333			
20090217	500	10.46333333	0.013333333			
20090217	600	10.47666667	0.013333333			
20090217	700	10.49	0			
20090217	800	10.49	0.01			
20090217	900	10.5	0			
20090217	1000	10.5	0			
20090217	1100	10.5	0			
20090217	1200	10.5	0			
20090217	1300	10.5	0			
20090217	1400	10.5	0			
20090217	1500	10.5	0			
20090217	1600	10.5	0			
20090217	1700	10.5	0			
20090217	1800	10.5	0			
20090217	1900	10.5	0			
20090217	2000	10.5	0			
20090217	2100	10.5	0			
20090217	2200	10.5	0			
20090217	2300	10.5	0			
20090218	0	10.5	0			
20090218	100	10.5	0			
20090218	200	10.5	0			
20090218	300	10.5	0			
20090218	400	10.5	0			
20090218	500	10.5	0			
20090218	600	10.5	0			
20090218	700	10.5	0			
20090218	800	10.5	0			
20090218	900	10.5	0			
20090218	1000	10.5	0			
20090218	1100	10.5	0			
20090218	1200	10.5	0			
20090218	1300	10.5	0			
20090218	1400	10.5	0			
20090218	1500	10.5	0			
20090218	1600	10.5	0			
20090218	1700	10.5	0			
20090218	1800	10.5	0			
20090218	1900	10.5	0			
20090218	2000	10.5	0			
20090218	2100	10.5	0			
20090218	2200	10.5	0			
20090218	2300	10.5	0			
20090219	0	10.5	0			
20090219	100	10.5	0			
20090219	200	10.5	0			
20090219	300	10.5	0			
20090219	400	10.5	0			
20090219	500	10.5	0			
20090219	600	10.5	0			
20090219	700	10.5	0			
20090219	800	10.5	0			
20090219	900	10.5	0			
20090219	1000	10.5	0			
20090219	1100	10.5	0			
20090219	1200	10.5	0			
20090219	1300	10.5	0			
20090219	1400	10.5	0			
20090219	1500	10.5	0			
20090219	1600	10.5	0			
20090219	1700	10.5	0			
20090219	1800	10.5	0			
20090219	1900	10.5	0			
20090219	2000	10.5	0			
20090219	2100	10.5	0			
20090219	2200	10.5	0			
20090219	2300	10.5	0			
20090220	0	10.5	0			
20090220	100	10.5	0			
20090220	200	10.5	0			
20090220	300	10.5	0			
20090220	400	10.5	0			
20090220	500	10.5	0			
20090220	600	10.5	0			
20090220	700	10.5	0			
20090220	800	10.5	0			
20090220	900	10.5	0			
20090220	1000	10.5	0			
20090220	1100	10.5	0			
20090220	1200	10.5	0			
20090220	1300	10.5	0			
20090220	1400	10.5	0			
20090220	1500	10.5	0			
20090220	1600	10.5	0			
20090220	1700	10.5	0			
20090220	1800	10.5	0			
20090220	1900	10.5	0			
20090220	2000	10.5	0			
20090220	2100	10.5	0			
20090220	2200	10.5	0			
20090220	2300	10.5	0			
20090221	0	10.5	0			
20090221	100	10.5	0			
20090221	200	10.5	0			
20090221	300	10.5	0			
20090221	400	10.5	0			
20090221	500	10.5	0			
20090221	600	10.5	0			
20090221	700	10.5	0			
20090221	800	10.5	0			
20090221	900	10.5	0			
20090221	1000	10.5	0			
20090221	1100	10.5	0			
20090221	1200	10.5	0			
20090221	1300	10.5	0			
20090221	1400	10.5	0			
20090221	1500	10.5	0			
20090221	1600	10.5	0			
20090221	1700	10.5	0			
20090221	1800	10.5	0			
20090221	1900	10.5	0			
20090221	2000	10.5	0			
20090221	2100	10.5	0			
20090221	2200	10.5	0			
20090221	2300	10.5	0			
20090222	0	10.5	0			
20090222	100	10.5	0			
20090222	200	10.5	0			
20090222	300	10.5	0			
20090222	400	10.5	0			
20090222	500	10.5	0			
20090222	600	10.5	0			
20090222	700	10.5	0			
20090222	800	10.5	0			
20090222	900	10.5	0			
20090222	1000	10.5	0			
20090222	1100	10.5	0			
20090222	1200	10.5	0			
20090222	1300	10.5	0			
20090222	1400	10.5	0			
20090222	1500	10.5	0			
20090222	1600	10.5	0			
20090222	1700	10.5	0			
20090222	1800	10.5	0			
20090222	1900	10.5	0			
20090222	2000	10.5	0			
20090222	2100	10.5	0			
20090222	2200	10.5	0			
20090222	2300	10.5	0			
20090223	0	10.5	0			
20090223	100	10.5	0			
20090223	200	10.5	0			
20090223	300	10.5	0			
20090223	400	10.5	0			
20090223	500	10.5	0			
20090223	600	10.5	0			
20090223	700	10.5	0			
20090223	800	10.5	0			
20090223	900	10.5	0			
20090223	1000	10.5	0			
20090223	1100	10.5	0			
20090223	1200	10.5	0			
20090223	1300	10.5	0			
20090223	1400	10.5	0			
20090223	1500	10.5	0			
20090223	1600	10.5	0			
20090223	1700	10.5	0			
20090223	1800	10.5	0			
20090223	1900	10.5	0			
20090223	2000	10.5	0			
20090223	2100	10.5	0			
20090223	2200	10.5	0			
20090223	2300	10.5	0			
20090224	0	10.5	0			
20090224	100	10.5	0			
20090224	200	10.5	0			
20090224	300	10.5	0			
20090224	400	10.5	0			
20090224	500	10.5	0			
20090224	600	10.5	0			
20090224	700	10.5	0			
20090224	800	10.5	0			
20090224	900	10.5	0			
20090224	1000	10.5	0			
20090224	1100	10.5	0			
20090224	1200	10.5	0			
20090224	1300	10.5	0			
20090224	1400	10.5	0			
20090224	1500	10.5	0			
20090224	1600	10.5	0			
20090224	1700	10.5	0			
20090224	1800	10.5	0			
20090224	1900	10.5	0			
20090224	2000	10.5	0			
20090224	2100	10.5	0			
20090224	2200	10.5	0			
20090224	2300	10.5	0			
20090225	0	10.5	0			
20090225	100	10.5	0			
20090225	200	10.5	0			
20090225	300	10.5	0			
20090225	400	10.5	0			
20090225	500	10.5	0			
20090225	600	10.5	0			
20090225	700	10.5	0			
20090225	800	10.5	0			
20090225	900	10.5	0			
20090225	1000	10.5	0			
20090225	1100	10.5	0			
20090225	1200	10.5	0			
20090225	1300	10.5	0			
20090225	1400	10.5	0			
20090225	1500	10.5	0			
20090225	1600	10.5	0			
20090225	1700	10.5	0			
20090225	1800	10.5	0			
20090225	1900	10.5	0			
20090225	2000	10.5	0			
20090225	2100	10.5	0			
20090225	2200	10.5	0			
20090225	2300	10.5	0			
20090226	0	10.5	0			
20090226	100	10.5	0			
20090226	200	10.5	0			
20090226	300	10.5	0			
20090226	400	10.5	0			
20090226	500	10.5	0			
20090226	600	10.5	0			
20090226	700	10.5	0			
20090226	800	10.5	0			
20090226	900	10.5	0			
20090226	1000	10.5	0			
20090226	1100	10.5	0			
20090226	1200	10.5	0			
20090226	1300	10.5	0			
20090226	1400	10.5	0			
20090226	1500	10.5	0			
20090226	1600	10.5	0			
20090226	1700	10.5	0			
20090226	1800	10.5	0			
20090226	1900	10.5	0			
20090226	2000	10.5	0			
20090226	2100	10.5	0			
20090226	2200	10.5	0			
20090226	2300	10.5	0			
20090227	0	10.5	0			
20090227	100	10.5	0			
20090227	200	10.5	0			
20090227	300	10.5	0			
20090227	400	10.5	0			
20090227	500	10.5	0			
20090227	600	10.5	0			
20090227	700	10.5	0			
20090227	800	10.5	0			
20090227	900	10.5	0			
20090227	1000	10.5	0			
20090227	1100	10.5	0			
20090227	1200	10.5	0			
20090227	1300	10.5	0			
20090227	1400	10.5	0			
20090227	1500	10.5	0			
20090227	1600	10.5	0			
20090227	1700	10.5	0			
20090227	1800	10.5	0			
20090227	1900	10.5	0			
20090227	2000	10.5	0			
20090227	2100	10.5	0			
20090227	2200	10.5	0			
20090227	2300	10.5	0			
20090228	0	10.5	0			
20090228	100	10.5	0			
20090228	200	10.5	0			
20090228	300	10.5	0			
20090228	400	10.5	0			
20090228	500	10.5	0			
20090228	600	10.5	0			
20090228	700	10.5	0			
20090228	800	10.5	0			
20090228	900	10.5	0			
20090228	1000	10.5	0			
20090228	1100	10.5	0			
20090228	1200	10.5	0			
20090228	1300	10.5	0			
20090228	1400	10.5	0			
20090228	1500	10.5	0			
20090228	1600	10.5	0			
20090228	1700	10.5	0			
20090228	1800	10.5	0			
20090228	1900	10.5	0			
20090228	2000	10.5	0			
20090228	2100	10.5	0			
20090228	2200	10.5	0			
20090228	2300	10.5	0			
